
# Please make this file available to others
# by sending it to <lirc@bartelmus.de>
#
# this config file was automatically generated
# using lirc-0.9.1-git(default) on Mon Nov  9 23:22:49 2015
#
# contributed by 
#
# brand:                       madeforyou
# model no. of remote control: 
# devices being controlled by this remote:
#

begin remote

  name  digital
  flags RAW_CODES|CONST_LENGTH
  eps            30
  aeps          100

  gap          106987

      begin raw_codes

          name KEY_BACK
             4409    4504     503    1718     503    1718
              503    1701     555     555     529     581
              529     607     503     590     503     633
              529    1675     529    1701     624    1623
              529     581     503     607     503     607
              503     607     503     607     503    1718
              503    1692     529     607     529     590
              503    1701     529     607     503     581
              555     581     503     607     503     590
              529    1718     477    1727     529     581
              555    1666     529    1718     503    1701
              529

          name KEY_TITLE
             4435    4504     503    1701     529    1692
              546    1675     555     581     590     520
              503     590     529     598     538     572
              529    1692     503    1718     503    1718
              555     624     434     607     503     590
              529     607     503     607     529     590
              503    1718     503    1701     555    1666
              529    1701     555    1675     529     607
              503     607     503    1718     529     581
              503     607     503     607     503     607
              503     685     434    1718     503    1701
              529

          name KEY_INFO
             4409    4487     503    1744     503    1718
              503    1727     529     581     477     633
              503     616     503     607     529     572
              512    1727     503    1718     503    1718
              503     607     503     607     529     581
              555     555     477     633     503    1727
              503    1718     503     607     503    1727
              503     581     529    1727     477    1744
              477     633     529     581     503     607
              503    1718     477     633     503    1718
              477     633     503     607     477    1770
              451

          name KEY_PLAY
             4435    4478     529    1692     529    1692
              529    1718     503     616     529     581
              529     581     529     581     503     607
              503    1692     529    1701     529    1718
              529     555     538     581     555     581
              572     520     529     607     564    1666
              529    1692     503    1718     503     607
              503     590     529    1718     503     607
              503     590     555     555     546     590
              503     590     529    1718     529    1692
              555     555     529    1692     503    1727
              503

          name KEY_STOP
             4478    4435     572    1649     572    1649
              572    1649     572     546     564     546
              564     546     564     546     564     546
              572    1649     572    1649     572    1649
              572     546     572     538     572     538
              572     538     572     546     564    1649
              572    1649     572     538     572    1649
              572     546     572     546     564     538
              572    1649     572     538     572     546
              564    1649     572     546     572    1649
              572    1657     572    1649     572     546
              564

          name KEY_PAUSE
             4409    4478     529    1718     503    1718
              529    1666     529     607     529     564
              520     590     503     633     529     581
              477    1744     503    1701     598    1623
              529     581     529     607     555     555
              503     607     503     607     529    1675
              555    1692     503    1718     564    1666
              503     633     477     633     477     616
              512    1709     503     607     538     572
              468     616     555     581     477    1744
              529    1692     572    1623     529     607
              503

          name KEY_RED
             4435    4504     503    1727     503    1701
              555    1692     503     607     503     590
              529     607     503     607     503     607
              503    1727     503    1718     503    1701
              529     607     503     607     503     607
              451     642     529     607     503     607
              503     581     529    1718     503    1701
              581     555     503    1692     503    1744
              503     607     477    1744     477    1744
              503     607     477     633     503    1718
              503     607     503     607     503    1718
              503

          name KEY_GREEN
             4452    4504     503    1727     503    1718
              442    1779     503     616     503     607
              503     590     529     607     503     607
              477    1744     529    1692     503    1692
              529     633     477     616     477     633
              503     607     503     590     546     590
              503     607     503    1718     572     538
              503    1718     590     546     451     659
              477     607     503    1727     503    1718
              503     616     529    1692     503     633
              451    1744     581    1649     477    1770
              477

          name KEY_YELLOW
             4383    4504     503    1736     486    1718
              425    1805     503     633     503     581
              503     590     529     607     529     581
              477    1753     451    1770     477    1753
              503     581     555     555     503     633
              503     616     503     659     364    1788
              529     607     477    1770     477     607
              529    1692     425     763     425     616
              477     633     477     659     477    1718
              477     642     494    1727     503     607
              477    1744     529    1718     477    1727
              529

          name KEY_BLUE
             4409    4504     503    1718     503    1718
              512    1692     529     607     529     581
              503     607     503     616     529     607
              486    1709     494    1727     503    1701
              503     633     503     616     503     607
              503     607     503     607     477     659
              477    1770     451    1718     477     616
              581    1666     503     607     503     607
              503     607     503    1718     486     633
              503     607     477    1744     503     616
              503    1718     572    1675     451    1753
              477

          name KEY_MENU
             4409    4504     503    1727     503    1718
              503    1727     529     555     555     581
              503     607     477     633     529     581
              503    1718     503    1727     529    1675
              503     633     503     598     486     616
              494     616     503     659     598     486
              529    1718     477     590     529    1727
              503    1718     503     607     503     590
              520     616     503    1727     520     590
              477    1744     503     581     659     477
              477    1718     529    1718     581    1623
              529

          name KEY_EXIT
             4435    4504     529    1666     529    1727
              503    1666     555     616     529     590
              590     520     503     607     503     607
              529    1675     529    1718     477    1744
              477     642     529     607     477     616
              529     581     503     616     555    1666
              503     607     529    1692     529    1675
              529     607     503    1718     503     607
              503     607     503     607     607    1614
              529     581     529     564     598    1631
              503     633     503    1701     529    1692
              555

          name KEY_UP
             4435    4504     529    1666     529    1727
              503    1718     503     607     477     633
              503     590     598     538     529     581
              503    1692     529    1718     503    1701
              529     581     555     581     503     590
              529     607     529     581     529     581
              503     590     555     581     503     590
              555     581     503    1701     529    1692
              529     607     529    1692     503    1718
              555    1666     529    1692     503    1718
              503     590     529     607     529    1692
              503

          name KEY_DOWN
             4435    4452     529    1692     529    1701
              668    1553     564     555     529     581
              529     607     503     607     503     607
              503    1718     512    1692     555    1692
              529     590     503     616     555     529
              529     581     529     607     529    1666
              529     607     503     607     503     590
              520     616     503    1701     529    1692
              555     581     503     607     503    1701
              529    1692     555    1692     503    1701
              529     590     529     607     503    1718
              503

          name KEY_LEFT
             4409    4478     529    1675     651    1623
              503    1701     529     607     503     616
              503     607     503     590     555     555
              503    1718     529    1718     512    1709
              503     581     529     590     529     607
              503     607     529     564     529    1718
              503     616     503    1701     529     607
              503     590     503    1718     529    1718
              529     581     503     607     503    1692
              529     607     564    1666     503    1701
              555     555     529     607     477    1718
              529

          name KEY_RIGHT
             4461    4478     477    1744     503    1727
              503    1718     503     607     503     607
              503     590     555     555     529     607
              503    1718     529    1675     529    1701
              529     581     555     581     503     616
              503     607     503     607     529     581
              529    1701     503     607     503     607
              555     555     529    1692     503    1718
              503     607     503    1701     529     581
              598    1649     477    1744     503    1727
              529     581     503     607     503    1718
              503

          name KEY_OK
             4435    4478     555    1692     503    1692
              529    1718     503     616     503     607
              529     581     503     607     685     425
              503    1701     529    1718     512    1692
              555     581     503     607     503     616
              503     590     590     546     529     564
              529     607     503     607     503    1727
              503     590     529    1718     503    1718
              503     607     529    1692     529    1692
              503    1727     503     607     503    1701
              529     581     529     581     529    1692
              529

          name KEY_VOLUMEUP
             4409    4504     503    1701     529    1692
              598    1649     503     590     529     581
              529     607     503     616     555     555
              477    1744     512    1692     529    1718
              503     616     616     468     529     607
              503     607     503     581     529    1701
              581    1666     503    1701     607     529
              503     607     529     555     529     607
              503     607     503     590     529     607
              503     590     529    1692     529    1718
              581    1640     503    1727     503    1701
              555

          name KEY_VOLUMEDOWN
             4435    4504     538    1666     529    1692
              529    1718     477     607     581     538
              546     590     503     607     503     607
              538    1666     555    1666     529    1701
              529     581     555     581     503     581
              555     564     555     581     503    1692
              529    1701     529     607     529    1666
              538     607     503     607     503     607
              503     607     503     607     477     616
              529    1718     503     607     503    1718
              477    1744     503    1701     529    1718
              564

          name KEY_PAGEUP
             4409    4478     529    1675     581    1692
              503    1701     529     607     503     590
              555     581     503     607     503     607
              477    1744     503    1701     520    1701
              546     590     477     633     503     607
              503     616     503     607     503     616
              503    1718     503     607     503     616
              624    1597     503     590     503     607
              555     581     529    1692     503     607
              529    1701     503    1701     529     607
              529    1666     529    1692     503    1744
              503

          name KEY_PAGEDOWN
             4565    4374     512    1718     503    1718
              503    1736     468     633     529     581
              477     633     529     581     555     555
              529    1692     503    1701     624    1597
              529     607     503     607     503     607
              503     607     503     607     503     607
              503     607     503     590     529     581
              564    1683     529     581     503     607
              503     607     529    1692     503    1718
              572    1649     555    1649     529     607
              503    1718     477    1753     503    1718
              581

          name KEY_0
             4435    4478     555    1666     581    1666
              529    1675     529     590     555     555
              555     581     529     581     529     555
              529    1718     503    1727     555    1666
              529     581     529     581     503     607
              529     555     529     590     529    1692
              555     555     529     607     503     607
              581    1640     477     616     529     607
              503     607     503     607     598    1605
              529    1692     555    1692     529     590
              503    1692     529    1718     529    1666
              529

          name KEY_9
             4461

          name KEY_9
             4435    4504     503    1701     529    1692
              529    1692     581     555     503     581
              529     607     512     581     529     581
              503    1727     546    1701     503    1701
              529     581     529     607     503     581
              529     607     503     616     503     581
              529    1701     555    1666     529    1718
              529     581     503     607     503     581
              529     607     529    1666     529     607
              529     581     529     581     503    1701
              529    1718     529    1675     529    1718
              503

          name KEY_8
             4452    4461     477    1744     503    1718
              503    1727     529     581     503     607
              529     581     503     590     598     564
              477    1701     529    1718     503    1692
              529     607     477     642     477     633
              529     581     503     590     503    1744
              503     607     529    1701     503    1744
              451     633     503     590     529     607
              572     538     529     581     503    1718
              503     616     503     581     529    1718
              616    1614     503    1718     477    1753
              503

          name KEY_7
             4409    4478     529    1718     503    1692
              529    1718     503     581     529     616
              555     555     503     607     529     581
              503    1727     529    1692     503    1701
              529     607     529     590     503     607
              503     607     503     616     503     607
              503     607     529    1692     503    1701
              529     607     503     607     503     607
              564     546     529    1692     503    1727
              503     616     503     607     503    1692
              529    1718     529    1692     503    1718
              477

          name KEY_6
             4478    4435     564    1657     572    1657
              572    1649     572     546     564     546
              572     546     564     555     564     546
              564    1649     572    1649     572    1649
              572     546     590     520     564     546
              564     555     564     546     564     546
              564    1657     572     546     564    1657
              572     546     564     546     546     572
              564     555     555    1657     572     546
              564    1649     572     538     572    1649
              572    1649     564    1657     572    1649
              572

          name KEY_5
             4452    4461     564    1657     572    1657
              572    1649     546     572     564     546
              538     572     564     546     546     572
              538    1683     546    1675     572    1649
              572     546     538     572     564     546
              564     538     546     564     572    1649
              546     572     564     546     572    1649
              572     538     546     572     564     546
              538     572     564     546     564    1649
              546    1683     564     555     564    1657
              572    1657     564    1657     546    1675
              572

          name KEY_4
             4478    4435     546    1675     572    1649
              564    1657     546     572     555     555
              564     555     538     564     546     564
              598    1623     546    1675     572    1657
              538     581     564     546     564     546
              546     572     564     546     538     572
              538     572     572     538     546    1675
              546     572     555     555     564     555
              555     546     546    1675     564    1657
              546    1675     564     555     564    1657
              546    1675     572    1649     572    1649
              572

          name KEY_3
             4478    4435     572    1649     572    1649
              572    1649     546     572     564     546
              538     564     572     546     564     546
              564    1657     572    1649     546    1675
              546     564     572     538     572     546
              538     572     538     572     538     572
              564    1649     572    1657     564     546
              572     546     564     555     538     572
              564     538     572    1649     564     555
              538     572     572    1649     546    1675
              572    1649     572    1649     572    1649
              572

          name KEY_2
             4452    4461     572    1649     572    1649
              572    1649     572     538     572     546
              564     555     564     546     564     546
              564    1657     572    1649     546    1675
              572     546     572     546     564     546
              546     572     564     546     538    1683
              572     546     555    1657     546     572
              564     546     564     546     538     572
              564     546     572     546     564    1657
              546     572     538    1683     572    1649
              572    1649     572    1649     546    1675
              546

          name KEY_1
             4452    4461     590    1631     546    1675
              564    1657     546     572     564     546
              546     572     538     572     564     546
              564    1649     546    1683     572    1649
              564     555     538     572     555     555
              555     555     538     572     564     555
              538     572     538    1683     572     546
              564     546     564     546     564     555
              538     572     546    1675     546    1675
              546     564     564    1657     546    1675
              546    1675     546    1675     572    1649
              546

          name KEY_MUTE
             4435    4478     555    1675     529    1692
              529    1701     529     607     503     607
              512     598     503     590     529     590
              555    1692     503    1701     555    1666
              529     607     503     590     555     555
              529     581     529     590     555    1666
              555    1675     555    1692     503    1718
              503     607     503     607     503     607
              503     590     529     607     503     607
              598     520     503     607     503    1718
              503    1701     529    1718     512    1692
              529

          name KEY_POWER
             4435    4478     529    1718     503    1692
              529    1692     529     590     555     581
              503     607     503     581     529     607
              503    1701     529    1692     529    1692
              555     581     503     590     529     581
              529     607     503     590     529     581
              529    1692     555     555     529     607
              503     607     503     616     529     555
              555     581     503    1701     529     581
              529    1692     555    1666     503    1718
              529    1692     529    1692     529    1692
              529

          name KEY_SLEEP
             4435    4504     503    1701     529    1718
              503    1718     503     607     555     555
              529     581     503     590     529     607
              477    1727     555    1692     477    1744
              529     555     529     607     503     607
              503     607     503     607     477    1744
              503    1718     503    1718     503    1718
              512    1718     503     607     503     607
              503    1718     555     555     503     607
              503     607     477     633     503     607
              503    1701     529    1718     503     607
              503

          name KEY_VIDEO
             4409    4478     668    1562     503    1718
              555    1666     529     607     503     581
              555     581     529     581     503     581
              633    1597     529    1692     529    1692
              529     607     477     616     555     581
              503     607     503     581     555     581
              503     607     503     581     529    1701
              529    1701     555     581     503    1718
              529     590     503    1718     503    1727
              503    1701     529     607     529     564
              529    1718     503     616     503    1718
              503

          name KEY_SUBTITLE
             4435    4478     529    1701     529    1692
              529    1692     538     572     555     555
              538     581     529     581     529     581
              529    1692     538    1692     555    1666
              564     546     529     581     538     581
              555     555     564     546     564     546
              538     581     564    1657     564    1657
              546     564     564    1657     572     538
              598     520     564    1649     546    1675
              564     555     564     546     564    1657
              572     546     564    1657     572    1649
              572

          name KEY_DISPLAYTOGGLE
             4435    4478     529    1692     555    1675
              529    1718     503     607     529     581
              503     607     503     581     529     581
              529    1718     503    1718     503    1701
              529     607     503     590     529     581
              529     607     529     581     503    1692
              529    1692     529    1701     529    1692
              529    1701     529     581     529     590
              529     581     529     607     503     607
              503     590     529     607     503     607
              529    1692     503    1701     555    1692
              503

      end raw_codes

end remote
